BPM
000000 180

NOTES
1 000833 0.000000 S
0 001000 0.000000 S
1 001333 0.000000 S
0 001499 0.000000 S
1 001833 0.000000 S
0 002000 0.000000 S
1 002333 0.000000 S
0 002499 0.000000 S
0 002833 0.000000 S
1 002833 0.000000 S
0 003166 0.000000 S
1 003166 0.000000 S
0 003499 0.000000 S
1 003666 0.000000 S
0 003999 0.000000 S
1 004166 0.000000 S
0 004499 0.000000 S
1 004666 0.000000 S
0 004999 0.000000 S
1 005166 0.000000 S
1 005499 0.000000 S
0 005500 0.000000 S
0 005832 0.000000 S
1 005832 0.000000 S
1 006166 0.000000 S
0 006332 0.000000 S
1 006666 0.000000 S
0 006832 0.000000 S
1 007166 0.000000 S
0 007332 0.000000 S
1 007666 0.000000 S
0 007832 0.000000 S
0 008166 0.000000 S
1 008166 0.000000 S
0 008499 0.000000 S
1 008499 0.000000 S
0 008832 0.000000 S
1 008832 0.000000 S
0 009332 0.000000 S
0 009499 0.000000 S
1 009666 0.000000 S
0 009999 0.000000 S
1 010332 0.000000 S
0 010499 0.000000 S
1 010666 0.000000 S
0 011000 0.000000 S
1 011000 0.000000 S
0 011499 0.000000 S
0 011666 0.000000 S
1 011999 0.000000 S
1 012166 0.000000 S
0 012499 0.000000 S
0 012666 0.000000 S
1 012999 0.000000 S
1 013166 0.000000 S
0 013499 0.000000 S
1 013499 0.000000 S
0 013832 0.000000 S
1 013832 0.000000 S
0 014166 0.000000 S
0 014332 0.000000 S
1 014666 0.000000 S
1 014832 0.000000 S
0 015165 0.000000 S
0 015332 0.000000 S
1 015665 0.000000 S
1 015832 0.000000 S
0 016166 0.000000 S
1 016166 0.000000 S
0 016499 0.000000 S
1 016499 0.000000 S
0 016832 0.000000 S
1 016998 0.000000 S
0 017165 0.000000 S
1 017332 0.000000 S
0 017666 0.000000 S
1 017832 0.000000 S
1 018166 0.000000 S
0 018332 0.000000 S
1 018499 0.000000 S
0 018665 0.000000 S
0 018832 0.000000 S
1 018832 0.000000 S
0 018999 0.000000 S
1 018999 0.000000 S
0 019500 0.000000 S
1 019832 0.000000 S
0 020166 0.000000 S
1 020499 0.000000 S
0 020832 0.000000 S
1 020999 0.000000 S
1 021250 0.000000 S
1 022166 0.000000 S
0 022416 0.000000 S
1 022832 0.000000 S
0 023166 0.000000 S
1 023499 0.000000 S
0 023666 0.000000 S
0 023999 0.000000 S
0 024832 0.000000 S
1 025166 0.000000 S
0 025499 0.000000 S
1 025832 0.000000 S
0 026082 0.000000 S
1 026249 0.000000 S
1 026666 0.000000 S
1 027498 0.000000 S
0 027832 0.000000 S
1 028165 0.000000 S
0 028499 0.000000 S
1 028666 0.000000 S
1 028999 0.000000 S
0 029166 0.000000 S
1 029332 0.000000 S
0 030166 0.000000 S
1 030499 0.000000 S
0 030832 0.000000 S
1 031166 0.000000 S
0 031499 0.000000 S
1 031666 0.000000 S
1 031999 0.000000 S
1 032833 0.000000 S
0 033166 0.000000 S
1 033499 0.000000 S
0 033750 0.000000 S
1 033916 0.000000 S
1 034333 0.000000 S
0 034499 0.000000 S
0 034833 0.000000 S
1 035166 0.000000 S
0 035416 0.000000 S
1 035833 0.000000 S
0 036166 0.000000 S
1 036499 0.000000 S
1 036833 0.000000 S
0 037083 0.000000 S
1 037333 0.000000 S
1 037666 0.000000 S
0 037833 0.000000 S
1 038166 0.000000 S
0 038499 0.000000 S
1 038833 0.000000 S
0 039166 0.000000 S
1 039250 0.000000 S
1 039666 0.000000 S
0 039832 0.000000 S
1 040166 0.000000 S
0 056833 0.000000 L
0 057833 0.000000 E
1 058166 0.000000 L
1 059166 0.000000 E
0 059499 0.000000 L
0 060500 0.000000 E
1 059499 0.000000 L
1 060500 0.000000 E
0 061499 0.000000 H
0 062166 0.000000 S
1 062332 0.000000 S
0 062666 0.000000 S
1 062832 0.000000 S
1 063166 0.000000 S
0 063332 0.000000 S
1 063666 0.000000 S
0 063832 0.000000 S
0 064166 0.000000 S
1 064166 0.000000 S
0 064499 0.000000 S
1 064499 0.000000 S
0 064832 0.000000 S
1 064999 0.000000 S
0 065333 0.000000 S
1 065499 0.000000 S
1 065833 0.000000 S
0 065999 0.000000 S
1 066332 0.000000 S
0 066499 0.000000 S
1 066832 0.000000 S
0 066833 0.000000 S
0 067166 0.000000 S
1 067166 0.000000 S
0 067499 0.000000 S
1 067666 0.000000 S
0 067999 0.000000 S
1 068166 0.000000 S
1 068500 0.000000 S
0 068666 0.000000 S
1 068999 0.000000 S
0 069166 0.000000 S
0 069499 0.000000 S
1 069499 0.000000 S
0 069832 0.000000 S
1 069832 0.000000 S
1 070166 0.000000 L
1 070665 0.000000 E
1 070832 0.000000 S
0 070998 0.000000 S
0 071332 0.000000 S
1 071333 0.000000 S
1 071666 0.000000 S
0 071833 0.000000 S
0 072000 0.000000 S
0 072332 0.000000 L
0 072665 0.000000 E
0 072832 0.000000 S
1 072999 0.000000 S
0 073332 0.000000 S
1 073499 0.000000 S
1 073832 0.000000 S
0 073999 0.000000 S
1 074332 0.000000 S
0 074499 0.000000 S
0 074832 0.000000 S
1 074832 0.000000 S
0 075166 0.000000 S
1 075166 0.000000 S
0 075499 0.000000 S
1 075666 0.000000 S
0 075999 0.000000 S
1 076166 0.000000 S
1 076499 0.000000 S
0 076666 0.000000 S
1 076999 0.000000 S
0 077166 0.000000 S
0 077500 0.000000 S
1 077500 0.000000 S
0 077832 0.000000 S
1 077832 0.000000 S
0 078166 0.000000 S
1 078332 0.000000 S
0 078666 0.000000 S
1 078832 0.000000 S
1 079166 0.000000 S
0 079332 0.000000 S
1 079666 0.000000 S
0 079832 0.000000 S
0 080166 0.000000 S
1 080332 0.000000 S
0 080666 0.000000 S
1 080832 0.000000 S
1 080999 0.000000 S
1 081166 0.000000 S
1 081332 0.000000 S
1 081500 0.000000 S
1 081666 0.000000 S
1 081832 0.000000 S
1 082000 0.000000 L
1 082333 0.000000 E
0 082498 0.000000 S
1 082666 0.000000 S
1 082999 0.000000 L
1 083332 0.000000 E
0 083332 0.000000 S
0 083500 0.000000 S
0 083666 0.000000 S
1 083999 0.000000 S
1 084166 0.000000 S
0 084499 0.000000 S
0 084666 0.000000 S
1 084999 0.000000 S
1 085166 0.000000 S
0 085499 0.000000 S
1 085499 0.000000 S
0 085832 0.000000 S
1 085832 0.000000 S
1 086166 0.000000 S
1 086332 0.000000 S
0 086666 0.000000 S
0 086832 0.000000 S
1 087166 0.000000 S
1 087332 0.000000 S
0 087666 0.000000 S
0 087832 0.000000 S
0 088166 0.000000 S
1 088166 0.000000 S
0 088499 0.000000 S
1 088499 0.000000 S
0 088832 0.000000 S
0 088999 0.000000 S
1 089332 0.000000 S
1 089499 0.000000 S
0 089832 0.000000 S
0 089999 0.000000 S
1 090332 0.000000 S
1 090499 0.000000 S
0 090832 0.000000 S
1 090832 0.000000 S
0 091166 0.000000 S
1 091166 0.000000 S
1 091499 0.000000 L
1 091999 0.000000 E
1 092166 0.000000 S
0 092332 0.000000 S
1 092666 0.000000 S
1 093000 0.000000 S
0 093166 0.000000 S
1 093333 0.000000 S
0 093666 0.000000 L
0 093999 0.000000 E
0 094166 0.000000 S
1 094332 0.000000 S
1 094666 0.000000 S
0 094832 0.000000 S
0 095166 0.000000 S
1 095332 0.000000 S
1 095666 0.000000 S
0 095832 0.000000 S
0 096166 0.000000 S
1 096166 0.000000 S
0 096499 0.000000 S
1 096499 0.000000 S
0 096832 0.000000 S
0 096999 0.000000 S
1 097332 0.000000 S
1 097499 0.000000 S
0 097832 0.000000 S
0 097999 0.000000 S
1 098332 0.000000 S
1 098499 0.000000 S
0 098832 0.000000 S
1 098832 0.000000 S
0 099166 0.000000 S
1 099166 0.000000 S
0 099500 0.000000 S
1 099666 0.000000 S
0 099833 0.000000 S
1 099999 0.000000 S
1 100332 0.000000 S
0 100499 0.000000 S
0 100833 0.000000 S
0 100999 0.000000 S
1 101166 0.000000 S
1 101332 0.000000 S
0 101500 0.000000 S
1 101500 0.000000 S
0 101666 0.000000 S
1 101666 0.000000 S
0 102166 0.000000 H
